#K short	G0205
#scanned warm
Wavelength (nm)	%T
800	0.012103
801	0.018372
802	0.0085993
803	0.020594
804	0.01109
805	0.013131
806	0.012853
807	0.012366
808	0.013228
809	0.0093437
810	0.014035
811	0.011978
812	0.013596
813	0.011327
814	0.015007
815	0.010683
816	0.0067961
817	0.022908
818	0.010801
819	0.011731
820	0.011947
821	0.015827
822	0.014556
823	0.011878
824	0.014135
825	0.0056508
826	0.013145
827	0.011294
828	0.013059
829	0.015175
830	0.013193
831	0.012018
832	0.014228
833	0.0082036
834	0.0094574
835	0.0084853
836	0.011053
837	0.013998
838	0.013934
839	0.013959
840	0.015087
841	0.01354
842	0.015639
843	0.01517
844	0.016842
845	0.011049
846	0.015183
847	0.0051132
848	0.010045
849	0.011847
850	0.013797
851	0.011595
852	0.01204
853	0.015856
854	0.011689
855	0.012329
856	0.010617
857	0.014064
858	0.0069604
859	0.012382
860	0.018216
861	0.011904
862	0.0083328
863	0.016312
864	0.013038
865	0.013625
866	0.013513
867	0.018415
868	0.01357
869	0.01326
870	0.01432
871	0.010698
872	0.012647
873	0.0189
874	0.016621
875	0.010753
876	0.0096265
877	0.019658
878	0.015303
879	0.015105
880	0.0057133
881	0.012753
882	0.012556
883	0.01499
884	0.006527
885	0.01413
886	0.01662
887	0.0094827
888	0.012621
889	0.0103
890	0.015244
891	0.008137
892	0.0097112
893	0.014178
894	0.016609
895	0.0084986
896	0.013075
897	0.010008
898	0.0089773
899	0.0099059
900	0.012146
901	0.011492
902	0.011436
903	0.017158
904	0.01355
905	0.01448
906	0.018676
907	0.011558
908	0.019374
909	0.010766
910	0.017282
911	0.010913
912	0.013976
913	0.015059
914	0.01511
915	0.011559
916	0.013449
917	0.015077
918	0.015101
919	0.014478
920	0.0082151
921	0.015395
922	0.0064525
923	0.014544
924	0.01028
925	0.015351
926	0.015034
927	0.01242
928	0.0069214
929	0.016104
930	0.016376
931	0.018323
932	0.0087384
933	0.014751
934	0.013119
935	0.010901
936	0.012861
937	0.012783
938	0.013717
939	0.015374
940	0.013297
941	0.011087
942	0.011945
943	0.0093384
944	0.014511
945	0.0077288
946	0.014599
947	0.013193
948	0.010736
949	0.012365
950	0.017625
951	0.010119
952	0.01244
953	0.011162
954	0.012857
955	0.013943
956	0.016482
957	0.010525
958	0.014121
959	0.011398
960	0.011507
961	0.011644
962	0.015979
963	0.013972
964	0.010244
965	0.016248
966	0.013692
967	0.013487
968	0.011736
969	0.017653
970	0.016255
971	0.012224
972	0.015737
973	0.014415
974	0.010168
975	0.011444
976	0.010179
977	0.01278
978	0.013507
979	0.012233
980	0.0056003
981	0.009269
982	0.016106
983	0.0093346
984	0.015269
985	0.013994
986	0.010174
987	0.010384
988	0.018498
989	0.018182
990	0.012731
991	0.010138
992	0.011891
993	0.016143
994	0.012658
995	0.013044
996	0.0071957
997	0.0068763
998	0.011384
999	0.017719
1000	0.013174
1001	0.0055151
1002	0.012733
1003	0.011314
1004	0.012622
1005	0.015716
1006	0.014747
1007	0.019317
1008	0.016481
1009	0.012486
1010	0.0090054
1011	0.012569
1012	0.0090384
1013	0.010731
1014	0.0097744
1015	0.013043
1016	0.010568
1017	0.012665
1018	0.01062
1019	0.017015
1020	0.013254
1021	0.014264
1022	0.0090363
1023	0.021892
1024	0.012636
1025	0.01443
1026	0.010499
1027	0.010426
1028	0.016456
1029	0.011304
1030	0.015685
1031	0.015156
1032	0.011983
1033	0.016009
1034	0.013894
1035	0.010485
1036	0.012557
1037	0.012188
1038	0.011785
1039	0.015125
1040	0.01175
1041	0.013238
1042	0.01384
1043	0.015121
1044	0.0091044
1045	0.014987
1046	0.011033
1047	0.017541
1048	0.013923
1049	0.013416
1050	0.01387
1051	0.01217
1052	0.012655
1053	0.013835
1054	0.013596
1055	0.010426
1056	0.012139
1057	0.013638
1058	0.013389
1059	0.011733
1060	0.014904
1061	0.015025
1062	0.01732
1063	0.012093
1064	0.013085
1065	0.015634
1066	0.010525
1067	0.0099788
1068	0.017272
1069	0.010911
1070	0.013052
1071	0.0092397
1072	0.017721
1073	0.014924
1074	0.017031
1075	0.012609
1076	0.0090626
1077	0.012577
1078	0.0152
1079	0.0084667
1080	0.015678
1081	0.015072
1082	0.014377
1083	0.012927
1084	0.010171
1085	0.01262
1086	0.0063257
1087	0.01295
1088	0.0076755
1089	0.01228
1090	0.014712
1091	0.0074671
1092	0.011404
1093	0.013914
1094	0.016459
1095	0.015155
1096	0.018162
1097	0.010828
1098	0.010172
1099	0.016318
1100	0.014452
1101	0.007208
1102	0.016748
1103	0.013143
1104	0.01083
1105	0.014637
1106	0.015708
1107	0.012725
1108	0.011928
1109	0.012825
1110	0.010829
1111	0.0096845
1112	0.012235
1113	0.011329
1114	0.012646
1115	0.011714
1116	0.013498
1117	0.015646
1118	0.0043396
1119	0.010176
1120	0.010806
1121	0.012163
1122	0.0097681
1123	0.0049943
1124	0.013974
1125	0.017645
1126	0.010165
1127	0.011837
1128	0.014352
1129	0.014748
1130	0.014004
1131	0.014382
1132	0.013038
1133	0.012628
1134	0.010079
1135	0.014119
1136	0.015181
1137	0.010904
1138	0.0085124
1139	0.0080092
1140	0.016735
1141	0.0089089
1142	0.0097566
1143	0.015178
1144	0.016891
1145	0.015635
1146	0.012661
1147	0.019339
1148	0.011398
1149	0.013981
1150	0.010984
1151	0.0080805
1152	0.010915
1153	0.012638
1154	0.014328
1155	0.010615
1156	0.012269
1157	0.019413
1158	0.014837
1159	0.0097177
1160	0.011821
1161	0.014354
1162	0.013084
1163	0.010121
1164	0.012229
1165	0.01221
1166	0.01187
1167	0.014727
1168	0.013922
1169	0.014342
1170	0.012658
1171	0.01224
1172	0.014771
1173	0.015194
1174	0.016465
1175	0.012243
1176	0.017309
1177	0.010559
1178	0.016899
1179	0.02155
1180	0.016901
1181	0.013433
1182	0.013137
1183	0.010084
1184	0.0063472
1185	0.018087
1186	0.013095
1187	0.011785
1188	0.013093
1189	0.014377
1190	0.011791
1191	0.010522
1192	0.0084326
1193	0.014336
1194	0.010548
1195	0.014317
1196	0.0079773
1197	0.013476
1198	0.011306
1199	0.013581
1200	0.014317
1201	0.011721
1202	0.010575
1203	0.010994
1204	0.0076143
1205	0.013513
1206	0.011839
1207	0.0097188
1208	0.0092945
1209	0.013932
1210	0.011392
1211	0.014744
1212	0.015191
1213	0.0093164
1214	0.0096756
1215	0.017278
1216	0.010522
1217	0.011787
1218	0.016837
1219	0.015155
1220	0.012619
1221	0.017673
1222	0.010511
1223	0.010929
1224	0.011352
1225	0.017665
1226	0.011771
1227	0.015136
1228	0.014713
1229	0.014292
1230	0.0088152
1231	0.010502
1232	0.011345
1233	0.011742
1234	0.011778
1235	0.010518
1236	0.015984
1237	0.0096773
1238	0.016825
1239	0.0096765
1240	0.017241
1241	0.01598
1242	0.014302
1243	0.011343
1244	0.014688
1245	0.017208
1246	0.015953
1247	0.0092254
1248	0.015125
1249	0.014705
1250	0.013044
1251	0.014292
1252	0.011323
1253	0.013004
1254	0.0029225
1255	0.014669
1256	0.017203
1257	0.0096278
1258	0.011325
1259	0.013905
1260	0.0096033
1261	0.013863
1262	0.010502
1263	0.0095401
1264	0.013027
1265	0.014142
1266	0.013469
1267	0.014571
1268	0.015573
1269	0.012567
1270	0.011249
1271	0.0054846
1272	0.010888
1273	0.01425
1274	0.010897
1275	0.01547
1276	0.0088899
1277	0.014065
1278	0.017672
1279	0.014602
1280	0.013311
1281	0.01117
1282	0.019788
1283	0.0088048
1284	0.01436
1285	0.015794
1286	0.015467
1287	0.014172
1288	0.013645
1289	0.018224
1290	0.017149
1291	0.010005
1292	0.017004
1293	0.011145
1294	0.011369
1295	0.011266
1296	0.010948
1297	0.011309
1298	0.014164
1299	0.010943
1300	0.014502
1301	0.0088147
1302	0.014589
1303	0.0079051
1304	0.012963
1305	0.0083367
1306	0.0088014
1307	0.014302
1308	0.008242
1309	0.0097278
1310	0.0098473
1311	0.016229
1312	0.018852
1313	0.0099735
1314	0.025943
1315	0.013731
1316	0.014985
1317	0.014119
1318	0.013862
1319	0.012482
1320	0.016151
1321	0.015035
1322	0.01752
1323	0.015032
1324	0.0049469
1325	0.0071142
1326	0.013299
1327	0.011686
1328	0.015832
1329	0.015391
1330	0.01285
1331	0.013279
1332	0.016224
1333	0.012952
1334	0.01121
1335	0.0099819
1336	0.0070696
1337	0.011587
1338	0.015381
1339	0.0099596
1340	0.017468
1341	0.015002
1342	0.016592
1343	0.013128
1344	0.0096554
1345	0.014521
1346	0.013642
1347	0.0098126
1348	0.012526
1349	0.016997
1350	0.016886
1351	0.016233
1352	0.014282
1353	0.015569
1354	0.012998
1355	0.0083718
1356	0.0099945
1357	0.011604
1358	0.015248
1359	0.014823
1360	0.0076395
1361	0.010295
1362	0.014779
1363	0.0097365
1364	0.011614
1365	0.0079955
1366	0.014896
1367	0.013675
1368	0.0075752
1369	0.015695
1370	0.012014
1371	0.012231
1372	0.011692
1373	0.016625
1374	0.017402
1375	0.0056837
1376	0.018901
1377	0.0086419
1378	0.0086429
1379	0.01074
1380	0.014491
1381	0.018812
1382	0.01682
1383	0.010847
1384	0.015728
1385	0.010756
1386	0.013554
1387	0.0096822
1388	0.01848
1389	0.015862
1390	0.010562
1391	0.010448
1392	0.012431
1393	0.012825
1394	0.010597
1395	0.012457
1396	0.01602
1397	0.0088421
1398	0.012041
1399	0.016892
1400	0.011425
1401	0.019376
1402	0.010513
1403	0.018303
1404	0.016286
1405	0.014772
1406	0.015577
1407	0.019036
1408	0.013491
1409	0.015399
1410	0.013567
1411	0.011675
1412	0.016064
1413	0.008463
1414	0.011403
1415	0.013499
1416	0.010321
1417	0.011341
1418	0.0090702
1419	0.01161
1420	0.0062664
1421	0.010435
1422	0.010525
1423	0.012286
1424	0.014607
1425	0.014872
1426	0.013133
1427	0.012632
1428	0.014195
1429	0.016412
1430	0.016421
1431	0.0058364
1432	0.015989
1433	0.016793
1434	0.013769
1435	0.015441
1436	0.014802
1437	0.0082781
1438	0.011602
1439	0.013695
1440	0.013986
1441	0.019842
1442	0.0075662
1443	0.014931
1444	0.012946
1445	0.0053623
1446	0.013358
1447	0.016658
1448	0.012767
1449	0.016014
1450	0.010817
1451	0.012007
1452	0.015816
1453	0.011516
1454	0.013212
1455	0.014575
1456	0.012412
1457	0.012042
1458	0.015332
1459	0.0095207
1460	0.012052
1461	0.0148
1462	0.012522
1463	0.013636
1464	0.014278
1465	0.011523
1466	0.010438
1467	0.010815
1468	0.0053295
1469	0.011634
1470	0.011158
1471	0.010019
1472	0.015901
1473	0.011672
1474	0.01241
1475	0.013377
1476	0.013269
1477	0.01109
1478	0.011326
1479	0.01445
1480	0.012473
1481	0.0053691
1482	0.012108
1483	0.014855
1484	0.012855
1485	0.011617
1486	0.015367
1487	0.012045
1488	0.0095363
1489	0.014948
1490	0.0070153
1491	0.010391
1492	0.011166
1493	0.016227
1494	0.013181
1495	0.0096554
1496	0.0093929
1497	0.011577
1498	0.010806
1499	0.012406
1500	0.015466
1501	0.011355
1502	0.015106
1503	0.016691
1504	0.010369
1505	0.010801
1506	0.012471
1507	0.017823
1508	0.01004
1509	0.014489
1510	0.0095714
1511	0.0087713
1512	0.010839
1513	0.0079013
1514	0.015328
1515	0.011675
1516	0.016191
1517	0.012471
1518	0.011638
1519	0.012967
1520	0.011917
1521	0.0097114
1522	0.0159
1523	0.0078695
1524	0.0082125
1525	0.0090788
1526	0.012466
1527	0.012556
1528	0.011628
1529	0.013352
1530	0.013184
1531	0.011684
1532	0.010417
1533	0.017149
1534	0.011995
1535	0.013347
1536	0.011647
1537	0.012444
1538	0.0078965
1539	0.012061
1540	0.01375
1541	0.0079054
1542	0.013327
1543	0.0096108
1544	0.015855
1545	0.011257
1546	0.010785
1547	0.008667
1548	0.016641
1549	0.012496
1550	0.0095651
1551	0.015291
1552	0.012873
1553	0.015426
1554	0.014652
1555	0.013247
1556	0.010702
1557	0.010492
1558	0.012435
1559	0.015043
1560	0.011271
1561	0.017951
1562	0.0078667
1563	0.0087995
1564	0.017501
1565	0.014145
1566	0.016255
1567	0.013746
1568	0.009187
1569	0.014579
1570	0.01225
1571	0.012505
1572	0.007222
1573	0.012121
1574	0.015412
1575	0.014699
1576	0.012876
1577	0.020127
1578	0.013242
1579	0.019545
1580	0.010912
1581	0.013318
1582	0.013786
1583	0.011275
1584	0.016215
1585	0.011197
1586	0.013352
1587	0.013387
1588	0.011248
1589	0.011705
1590	0.0086184
1591	0.0095721
1592	0.011722
1593	0.012807
1594	0.014945
1595	0.014029
1596	0.0096895
1597	0.014184
1598	0.011168
1599	0.016435
1600	0.012228
1601	0.01043
1602	0.0079143
1603	0.016334
1604	0.01325
1605	0.013406
1606	0.016217
1607	0.010084
1608	0.018356
1609	0.012117
1610	0.010392
1611	0.019649
1612	0.010451
1613	0.0096037
1614	0.011657
1615	0.014144
1616	0.0086671
1617	0.01481
1618	0.014262
1619	0.014571
1620	0.013358
1621	0.011094
1622	0.010403
1623	0.011276
1624	0.01668
1625	0.012363
1626	0.013916
1627	0.017018
1628	0.012879
1629	0.014246
1630	0.010037
1631	0.018266
1632	0.013329
1633	0.011277
1634	0.013338
1635	0.0092055
1636	0.014076
1637	0.015457
1638	0.013359
1639	0.013133
1640	0.0095661
1641	0.01363
1642	0.015729
1643	0.015938
1644	0.018438
1645	0.013399
1646	0.01537
1647	0.013831
1648	0.015306
1649	0.013811
1650	0.012112
1651	0.016326
1652	0.013767
1653	0.0078539
1654	0.014555
1655	0.012529
1656	0.015839
1657	0.011244
1658	0.013764
1659	0.0099816
1660	0.011931
1661	0.013711
1662	0.0078119
1663	0.008356
1664	0.018447
1665	0.011806
1666	0.0081271
1667	0.0094735
1668	0.015015
1669	0.013373
1670	0.018823
1671	0.012892
1672	0.010412
1673	0.013357
1674	0.01588
1675	0.018796
1676	0.013758
1677	0.01548
1678	0.0179
1679	0.019207
1680	0.015778
1681	0.007366
1682	0.013774
1683	0.019649
1684	0.011149
1685	0.011266
1686	0.013288
1687	0.013405
1688	0.014178
1689	0.013366
1690	0.019186
1691	0.0086062
1692	0.012164
1693	0.013312
1694	0.012932
1695	0.018421
1696	0.011219
1697	0.015056
1698	0.0095022
1699	0.011316
1700	0.01109
1701	0.0086611
1702	0.013454
1703	0.014548
1704	0.011794
1705	0.015298
1706	0.014841
1707	0.0062953
1708	0.012296
1709	0.013405
1710	0.012091
1711	0.012958
1712	0.010925
1713	0.017415
1714	0.011704
1715	0.012568
1716	0.011241
1717	0.013319
1718	0.015016
1719	0.013823
1720	0.015825
1721	0.016263
1722	0.011183
1723	0.0079502
1724	0.014343
1725	0.014492
1726	0.01221
1727	0.013336
1728	0.0098756
1729	0.018032
1730	0.0057688
1731	0.01501
1732	0.013279
1733	0.010892
1734	0.013988
1735	0.0067167
1736	0.016166
1737	0.010443
1738	0.0079396
1739	0.011253
1740	0.017499
1741	0.010017
1742	0.01619
1743	0.012045
1744	0.010812
1745	0.012338
1746	0.012569
1747	0.011551
1748	0.0094585
1749	0.012046
1750	0.015692
1751	0.010816
1752	0.014468
1753	0.0099628
1754	0.017126
1755	0.015326
1756	0.014215
1757	0.011544
1758	0.0087035
1759	0.017949
1760	0.0079289
1761	0.011999
1762	0.013303
1763	0.012502
1764	0.014124
1765	0.018353
1766	0.016946
1767	0.013355
1768	0.014982
1769	0.012312
1770	0.011274
1771	0.014408
1772	0.013736
1773	0.015273
1774	0.016027
1775	0.012739
1776	0.013663
1777	0.016689
1778	0.014104
1779	0.014141
1780	0.012429
1781	0.016574
1782	0.013667
1783	0.012936
1784	0.0082992
1785	0.015352
1786	0.015781
1787	0.016224
1788	0.0074621
1789	0.017052
1790	0.0108
1791	0.013348
1792	0.0091065
1793	0.010142
1794	0.012279
1795	0.018308
1796	0.019561
1797	0.017495
1798	0.011115
1799	0.01535
1800	0.016137
1801	0.016581
1802	0.0083597
1803	0.014882
1804	0.015254
1805	0.015292
1806	0.014953
1807	0.013706
1808	0.012451
1809	0.016301
1810	0.0070433
1811	0.01298
1812	0.011196
1813	0.009828
1814	0.0064205
1815	0.015841
1816	0.010942
1817	0.014797
1818	0.012124
1819	0.015475
1820	0.006249
1821	0.014978
1822	0.0094318
1823	0.013603
1824	0.0065544
1825	0.010146
1826	0.01748
1827	0.012015
1828	0.015701
1829	0.014424
1830	0.016954
1831	0.0083684
1832	0.012088
1833	0.012023
1834	0.013149
1835	0.015114
1836	0.01463
1837	0.017365
1838	0.017596
1839	0.010982
1840	0.014918
1841	0.01468
1842	0.012814
1843	0.021646
1844	0.018334
1845	0.019896
1846	0.01457
1847	0.019297
1848	0.011054
1849	0.010895
1850	0.0085934
1851	0.011646
1852	0.011502
1853	0.011195
1854	0.0092422
1855	0.009042
1856	0.018257
1857	0.0073677
1858	0.014336
1859	0.012667
1860	0.012971
1861	0.014911
1862	0.0054334
1863	0.015242
1864	0.0081561
1865	0.013708
1866	0.012033
1867	0.018252
1868	0.01293
1869	0.019372
1870	0.010795
1871	0.011134
1872	0.010367
1873	0.018146
1874	0.013439
1875	0.012433
1876	0.012827
1877	0.018542
1878	0.013319
1879	0.018723
1880	0.012301
1881	0.014024
1882	0.012574
1883	0.021126
1884	0.012445
1885	0.016287
1886	0.011748
1887	0.012635
1888	0.0069738
1889	0.021888
1890	0.01471
1891	0.013874
1892	0.015834
1893	0.014376
1894	0.0087602
1895	0.01119
1896	0.013926
1897	0.015307
1898	0.013035
1899	0.015027
1900	0.014712
1901	0.016549
1902	0.017497
1903	0.012616
1904	0.017736
1905	0.01399
1906	0.020482
1907	0.020401
1908	0.017056
1909	0.023477
1910	0.022907
1911	0.024029
1912	0.020223
1913	0.025174
1914	0.026209
1915	0.023658
1916	0.024883
1917	0.023944
1918	0.02003
1919	0.024516
1920	0.019556
1921	0.026234
1922	0.025966
1923	0.028023
1924	0.025469
1925	0.026752
1926	0.030209
1927	0.024176
1928	0.030028
1929	0.033443
1930	0.03304
1931	0.034238
1932	0.040319
1933	0.044353
1934	0.037753
1935	0.043473
1936	0.046728
1937	0.05127
1938	0.052537
1939	0.060399
1940	0.063691
1941	0.074613
1942	0.069923
1943	0.070193
1944	0.07925
1945	0.086773
1946	0.093602
1947	0.097451
1948	0.10645
1949	0.11232
1950	0.12384
1951	0.1332
1952	0.13891
1953	0.15209
1954	0.16717
1955	0.17686
1956	0.18607
1957	0.20321
1958	0.21787
1959	0.23307
1960	0.2552
1961	0.27003
1962	0.29911
1963	0.317
1964	0.34198
1965	0.37063
1966	0.40428
1967	0.43808
1968	0.47027
1969	0.50766
1970	0.55211
1971	0.59779
1972	0.64683
1973	0.71372
1974	0.76869
1975	0.84008
1976	0.91584
1977	1.0032
1978	1.0934
1979	1.1986
1980	1.3047
1981	1.431
1982	1.5647
1983	1.7236
1984	1.8862
1985	2.0686
1986	2.2726
1987	2.5111
1988	2.7555
1989	3.0307
1990	3.3465
1991	3.6845
1992	4.0736
1993	4.5065
1994	4.9722
1995	5.4969
1996	6.0746
1997	6.7098
1998	7.3901
1999	8.321
2000	9.2212
2001	10.192
2002	11.283
2003	12.455
2004	13.8
2005	15.236
2006	16.862
2007	18.571
2008	20.43
2009	22.533
2010	24.692
2011	27.125
2012	29.723
2013	32.425
2014	35.253
2015	38.335
2016	41.49
2017	44.727
2018	48.155
2019	51.563
2020	54.992
2021	58.414
2022	61.766
2023	65.106
2024	68.221
2025	71.308
2026	74.141
2027	76.712
2028	79.087
2029	81.245
2030	83.091
2031	84.743
2032	86.131
2033	87.254
2034	88.171
2035	88.899
2036	89.441
2037	89.819
2038	90.075
2039	90.206
2040	90.255
2041	90.202
2042	90.107
2043	89.97
2044	89.794
2045	89.606
2046	89.424
2047	89.254
2048	89.073
2049	88.917
2050	88.786
2051	88.698
2052	88.611
2053	88.576
2054	88.565
2055	88.6
2056	88.646
2057	88.745
2058	88.875
2059	89.001
2060	89.172
2061	89.358
2062	89.547
2063	89.766
2064	90.006
2065	90.25
2066	90.483
2067	90.733
2068	90.981
2069	91.22
2070	91.435
2071	91.671
2072	91.88
2073	92.04
2074	92.234
2075	92.386
2076	92.497
2077	92.598
2078	92.695
2079	92.737
2080	92.774
2081	92.809
2082	92.793
2083	92.77
2084	92.747
2085	92.691
2086	92.625
2087	92.538
2088	92.452
2089	92.368
2090	92.25
2091	92.14
2092	92.039
2093	91.928
2094	91.818
2095	91.722
2096	91.625
2097	91.518
2098	91.437
2099	91.356
2100	91.271
2101	91.214
2102	91.158
2103	91.12
2104	91.07
2105	91.045
2106	91.05
2107	91.041
2108	91.032
2109	91.064
2110	91.099
2111	91.128
2112	91.148
2113	91.231
2114	91.285
2115	91.334
2116	91.405
2117	91.492
2118	91.559
2119	91.657
2120	91.751
2121	91.851
2122	91.914
2123	92.02
2124	92.12
2125	92.205
2126	92.311
2127	92.391
2128	92.49
2129	92.589
2130	92.68
2131	92.758
2132	92.859
2133	92.929
2134	93.023
2135	93.077
2136	93.148
2137	93.213
2138	93.276
2139	93.312
2140	93.368
2141	93.378
2142	93.431
2143	93.451
2144	93.455
2145	93.51
2146	93.512
2147	93.519
2148	93.554
2149	93.56
2150	93.556
2151	93.563
2152	93.577
2153	93.544
2154	93.566
2155	93.585
2156	93.568
2157	93.563
2158	93.578
2159	93.577
2160	93.584
2161	93.578
2162	93.573
2163	93.6
2164	93.613
2165	93.617
2166	93.636
2167	93.64
2168	93.653
2169	93.672
2170	93.675
2171	93.659
2172	93.684
2173	93.71
2174	93.695
2175	93.696
2176	93.711
2177	93.729
2178	93.706
2179	93.702
2180	93.709
2181	93.665
2182	93.654
2183	93.648
2184	93.623
2185	93.591
2186	93.544
2187	93.491
2188	93.435
2189	93.365
2190	93.289
2191	93.217
2192	93.116
2193	93.044
2194	92.929
2195	92.802
2196	92.691
2197	92.539
2198	92.41
2199	92.269
2200	92.104
2201	91.973
2202	91.814
2203	91.676
2204	91.546
2205	91.41
2206	91.264
2207	91.135
2208	91.05
2209	90.924
2210	90.827
2211	90.754
2212	90.69
2213	90.621
2214	90.553
2215	90.535
2216	90.485
2217	90.461
2218	90.445
2219	90.447
2220	90.436
2221	90.453
2222	90.483
2223	90.509
2224	90.54
2225	90.601
2226	90.658
2227	90.733
2228	90.791
2229	90.875
2230	90.972
2231	91.053
2232	91.165
2233	91.265
2234	91.366
2235	91.467
2236	91.585
2237	91.69
2238	91.784
2239	91.911
2240	92.037
2241	92.15
2242	92.248
2243	92.362
2244	92.48
2245	92.559
2246	92.653
2247	92.747
2248	92.824
2249	92.906
2250	92.968
2251	93.042
2252	93.094
2253	93.149
2254	93.19
2255	93.238
2256	93.256
2257	93.287
2258	93.312
2259	93.331
2260	93.342
2261	93.356
2262	93.362
2263	93.365
2264	93.386
2265	93.38
2266	93.377
2267	93.39
2268	93.42
2269	93.406
2270	93.402
2271	93.441
2272	93.458
2273	93.436
2274	93.485
2275	93.489
2276	93.49
2277	93.501
2278	93.524
2279	93.536
2280	93.522
2281	93.495
2282	93.489
2283	93.447
2284	93.363
2285	93.28
2286	93.155
2287	93.001
2288	92.793
2289	92.528
2290	92.226
2291	91.833
2292	91.369
2293	90.826
2294	90.156
2295	89.39
2296	88.492
2297	87.451
2298	86.276
2299	84.948
2300	83.465
2301	81.797
2302	79.99
2303	77.928
2304	75.743
2305	73.411
2306	70.87
2307	68.265
2308	65.441
2309	62.502
2310	59.562
2311	56.513
2312	53.442
2313	50.327
2314	47.273
2315	44.151
2316	41.167
2317	38.214
2318	35.417
2319	32.667
2320	30.059
2321	27.592
2322	25.173
2323	23.005
2324	20.968
2325	19.004
2326	17.249
2327	15.613
2328	14.071
2329	12.684
2330	11.439
2331	10.288
2332	9.2468
2333	8.3027
2334	7.4621
2335	6.6875
2336	5.9875
2337	5.3825
2338	4.8275
2339	4.3245
2340	3.8902
2341	3.4857
2342	3.1269
2343	2.8165
2344	2.5272
2345	2.2798
2346	2.0491
2347	1.8501
2348	1.6674
2349	1.5162
2350	1.3644
2351	1.2377
2352	1.1248
2353	1.0173
2354	0.93277
2355	0.84099
2356	0.76476
2357	0.70262
2358	0.6434
2359	0.58178
2360	0.53496
2361	0.48738
2362	0.44816
2363	0.41227
2364	0.37568
2365	0.35172
2366	0.31855
2367	0.29647
2368	0.27244
2369	0.25331
2370	0.23255
2371	0.2149
2372	0.20086
2373	0.18632
2374	0.17434
2375	0.16266
2376	0.15052
2377	0.14181
2378	0.13423
2379	0.12375
2380	0.11813
2381	0.11033
2382	0.10173
2383	0.094072
2384	0.090838
2385	0.091243
2386	0.082049
2387	0.077516
2388	0.076138
2389	0.067746
2390	0.062734
2391	0.060353
2392	0.057361
2393	0.062862
2394	0.047874
2395	0.052194
2396	0.051556
2397	0.041164
2398	0.045794
2399	0.042119
2400	0.04494
2401	0.044506
2402	0.042943
2403	0.037937
2404	0.029147
2405	0.034271
2406	0.031619
2407	0.039403
2408	0.027723
2409	0.025655
2410	0.030061
2411	0.029627
2412	0.026819
2413	0.026447
2414	0.023127
2415	0.025217
2416	0.02797
2417	0.02774
2418	0.024196
2419	0.023739
2420	0.026866
2421	0.026474
2422	0.02563
2423	0.022347
2424	0.025924
2425	0.020496
2426	0.027219
2427	0.018779
2428	0.022153
2429	0.015567
2430	0.016307
2431	0.017452
2432	0.018219
2433	0.026601
2434	0.014578
2435	0.019584
2436	0.015065
2437	0.021246
2438	0.012953
2439	0.020822
2440	0.014172
2441	0.019043
2442	0.016126
2443	0.019017
2444	0.012061
2445	0.013865
2446	0.013396
2447	0.011541
2448	0.022781
2449	0.0103
2450	0.018059
2451	0.019953
2452	0.015954
2453	0.016781
2454	0.013022
2455	0.017158
2456	0.016814
2457	0.011232
2458	0.012318
2459	0.011907
2460	0.016491
2461	0.01213
2462	0.0057207
2463	0.015994
2464	0.018499
2465	0.014674
2466	0.0078175
2467	0.014407
2468	0.013919
2469	0.014376
2470	0.013276
2471	0.015217
2472	0.010728
2473	0.018983
2474	0.010595
2475	0.015977
2476	0.012777
2477	0.015187
2478	0.011095
2479	0.011464
2480	0.012216
2481	0.016836
2482	0.012251
2483	0.012671
2484	0.011228
2485	0.019246
2486	0.0083273
2487	0.015496
2488	0.015675
2489	0.01023
2490	0.013051
2491	0.01188
2492	0.01133
2493	0.012029
2494	0.015327
2495	0.011943
2496	0.013058
2497	0.0071226
2498	0.011862
2499	0.014302
2500	0.012718
2501	0.017973
2502	0.012255
2503	0.012404
2504	0.013776
2505	0.01599
2506	0.010102
2507	0.0095306
2508	0.013604
2509	0.0074744
2510	0.011915
2511	0.015102
2512	0.015163
2513	0.0098438
2514	0.012156
2515	0.012825
2516	0.01558
2517	0.011598
2518	0.0093604
2519	0.013196
2520	0.015369
2521	0.0093411
2522	0.0050044
2523	0.016388
2524	0.011467
2525	0.013915
2526	0.014382
2527	0.01813
2528	0.015294
2529	0.015469
2530	0.0067651
2531	0.018556
2532	0.0095655
2533	0.010406
2534	0.01251
2535	0.0072727
2536	0.015462
2537	0.013352
2538	0.014997
2539	0.017967
2540	0.013371
2541	0.010639
2542	0.010018
2543	0.0041115
2544	0.010606
2545	0.012653
2546	0.015575
2547	0.0076951
2548	0.014082
2549	0.012085
2550	0.012942
2551	0.010568
2552	0.013403
2553	0.01233
2554	0.010244
2555	0.015055
2556	0.0080924
2557	0.014987
2558	0.012916
2559	0.0071076
2560	0.012726
2561	0.0086551
2562	0.016891
2563	0.0086066
2564	0.014515
2565	0.016814
2566	0.015894
2567	0.0073854
2568	0.014709
2569	0.012776
2570	0.016825
2571	0.010093
2572	0.014932
2573	0.0082993
2574	0.012756
2575	0.010753
2576	0.0081923
2577	0.019769
2578	0.010185
2579	0.010815
2580	0.015287
2581	0.01182
2582	0.012041
2583	0.010649
2584	0.015688
2585	0.014069
2586	0.014806
2587	0.011106
2588	0.0071425
2589	0.016524
2590	0.010953
2591	0.0098808
2592	0.010213
2593	0.011772
2594	0.014877
2595	0.011908
2596	0.01633
2597	0.010184
2598	0.011401
2599	0.014004
2600	0.014641
2601	0.014818
2602	0.010377
2603	0.012616
2604	0.0065053
2605	0.016106
2606	0.015479
2607	0.016539
2608	0.013421
2609	0.011236
2610	0.0104
2611	0.0089411
2612	0.015137
2613	0.010864
2614	0.010857
2615	0.0188
2616	0.010785
2617	0.010689
2618	0.011736
2619	0.01531
2620	0.014585
2621	0.012119
2622	0.011798
2623	0.010608
2624	0.0076429
2625	0.015014
2626	0.013869
2627	0.013598
2628	0.0077519
2629	0.015082
2630	0.011288
2631	0.011494
2632	0.0098409
2633	0.014848
2634	0.012487
2635	0.0097545
2636	0.015737
2637	0.0073584
2638	0.0074081
2639	0.0069216
2640	0.017706
2641	0.012111
2642	0.011531
2643	0.010867
2644	0.0065426
2645	0.0090572
2646	0.0099539
2647	0.0082265
2648	0.013903
2649	0.011109
2650	0.014322
2651	0.01377
2652	0.012273
2653	0.0082796
2654	0.011822
2655	0.013475
2656	0.011756
2657	0.012164
2658	0.0138
2659	0.010473
2660	0.013042
2661	0.010115
2662	0.016122
2663	0.010316
2664	0.0087755
2665	0.01451
2666	0.013198
2667	0.013998
2668	0.010022
2669	0.013756
2670	0.016558
2671	0.016359
2672	0.0093332
2673	0.013631
2674	0.013313
2675	0.012787
2676	0.011952
2677	0.013228
2678	0.01217
2679	0.009654
2680	0.017789
2681	0.010892
2682	0.017807
2683	0.011607
2684	0.01011
2685	0.011243
2686	0.01536
2687	0.012439
2688	0.018171
2689	0.01373
2690	0.011815
2691	0.0098614
2692	0.011095
2693	0.0082801
2694	0.015224
2695	0.018098
2696	0.014968
2697	0.014027
2698	0.0095723
2699	0.0093148
2700	0.013461
2701	0.0082642
2702	0.013177
2703	0.013665
2704	0.012256
2705	0.014118
2706	0.0085307
2707	0.0127
2708	0.017607
2709	0.017663
2710	0.011083
2711	0.016212
2712	0.0090929
2713	0.016575
2714	0.016385
2715	0.013531
2716	0.0047741
2717	0.010594
2718	0.0095468
2719	0.01503
2720	0.011902
2721	0.014986
2722	0.0097404
2723	0.012915
2724	0.010086
2725	0.013658
2726	0.018506
2727	0.0073698
2728	0.014269
2729	0.014228
2730	0.012255
2731	0.017507
2732	0.010475
2733	0.0077037
2734	0.016219
2735	0.011177
2736	0.015316
2737	0.013598
2738	0.0156
2739	0.0051996
2740	0.010047
2741	0.013799
2742	0.014831
2743	0.016163
2744	0.0088022
2745	0.014642
2746	0.014196
2747	0.015019
2748	0.015605
2749	0.014486
2750	0.0056953
2751	0.013602
2752	0.012122
2753	0.016503
2754	0.0089902
2755	0.013164
2756	0.01325
2757	0.017282
2758	0.012827
2759	0.008349
2760	0.011139
2761	0.012985
2762	0.014299
2763	0.0097517
2764	0.015972
2765	0.012178
2766	0.0087631
2767	0.013023
2768	0.011681
2769	0.013429
2770	0.012881
2771	0.012858
2772	0.010475
2773	0.014987
2774	0.01584
2775	0.012935
2776	0.010397
2777	0.010714
2778	0.012299
2779	0.013923
2780	0.010556
2781	0.016441
2782	0.010596
2783	0.015327
2784	0.013948
2785	0.012416
2786	0.014232
2787	0.0089665
2788	0.010271
2789	0.013645
2790	0.011139
2791	0.0088297
2792	0.017344
2793	0.014166
2794	0.015875
2795	0.0097871
2796	0.020484
2797	0.012851
2798	0.0081274
2799	0.017788
2800	0.016159
2801	0.01381
2802	0.0072663
2803	0.017186
2804	0.010116
2805	0.016642
2806	0.014928
2807	0.015047
2808	0.012966
2809	0.0083348
2810	0.013379
2811	0.011456
2812	0.011982
2813	0.013893
2814	0.0083974
2815	0.010831
2816	0.013053
2817	0.013462
2818	0.013946
2819	0.013211
2820	0.017525
2821	0.018364
2822	0.012525
2823	0.013625
2824	0.014232
2825	0.020488
2826	0.011955
2827	0.011215
2828	0.014462
2829	0.02068
2830	0.016664
2831	0.011396
2832	0.020762
2833	0.013321
2834	0.011957
2835	0.014842
2836	0.013598
2837	0.019849
2838	0.018157
2839	0.014806
2840	0.016317
2841	0.018882
2842	0.010619
2843	0.01534
2844	0.0098624
2845	0.019891
2846	0.015383
2847	0.015027
2848	0.021135
2849	0.017566
2850	0.015569
2851	0.022439
2852	0.017047
2853	0.013811
2854	0.015113
2855	0.020538
2856	0.023742
2857	0.017419
2858	0.014606
2859	0.023903
2860	0.02169
2861	0.01881
2862	0.015833
2863	0.012833
2864	0.023815
2865	0.025346
2866	0.021028
2867	0.021254
2868	0.015455
2869	0.020332
2870	0.01847
2871	0.017282
2872	0.025095
2873	0.028153
2874	0.027005
2875	0.016563
2876	0.0073779
2877	0.032899
2878	0.01927
2879	0.015737
2880	0.018126
2881	0.028845
2882	0.019206
2883	0.023249
2884	0.017263
2885	0.031551
2886	0.021547
2887	0.022542
2888	0.028424
2889	0.040901
2890	0.016622
2891	0.034254
2892	0.012773
2893	0.04167
2894	0.02838
2895	0.022625
2896	0.029797
2897	0.03623
2898	0.020593
2899	0.026123
2900	0.029957
2901	0.024745
2902	0.03132
2903	0.024157
2904	0.028991
2905	0.026359
2906	0.030285
2907	0.033322
2908	0.02972
2909	0.033701
2910	0.026249
2911	0.040942
2912	0.0266
2913	0.042386
2914	0.030792
2915	0.024054
2916	0.027195
2917	0.038362
2918	0.028441
2919	0.028649
2920	0.029847
2921	0.035164
2922	0.033251
2923	0.035487
2924	0.040924
2925	0.017063
2926	0.033946
2927	0.024593
2928	0.031072
2929	0.036589
2930	0.037793
2931	0.035834
2932	0.041478
2933	0.0177
2934	0.014481
2935	0.038815
2936	0.037926
2937	0.034783
2938	0.033873
2939	0.023903
2940	0.030909
2941	0.048123
2942	0.022089
2943	0.032584
2944	0.044408
2945	0.033005
2946	0.056574
2947	0.040442
2948	0.039453
2949	0.040809
2950	0.036294
2951	0.035244
2952	0.039122
2953	0.039267
2954	0.038252
2955	0.028679
2956	0.037464
2957	0.053768
2958	0.036608
2959	0.039331
2960	0.025685
2961	0.025861
2962	0.057953
2963	0.036424
2964	0.045729
2965	0.049989
2966	0.0332
2967	0.040118
2968	0.039037
2969	0.045973
2970	0.038201
2971	0.016702
2972	0.044188
2973	0.029295
2974	0.05161
2975	0.040763
2976	0.032655
2977	0.049711
2978	0.024527
2979	0.024665
2980	0.03341
2981	0.037921
2982	0.046862
2983	0.045679
2984	0.041524
2985	0.047634
2986	0.040531
2987	0.058727
2988	0.047036
2989	0.03223
2990	0.056773
2991	0.067947
2992	0.039024
2993	0.033095
2994	0.086568
2995	0.046205
2996	0.046446
2997	0.058015
2998	0.047089
2999	0.055542
3000	0.046252
3001	0.049795
3002	0.041867
3003	0.047108
3004	0.062534
3005	0.034302
3006	0.043031
3007	0.074116
3008	0.053942
3009	0.050851
3010	0.040704
3011	0.049814
3012	0.053669
3013	0.070078
3014	0.027504
3015	0.056596
3016	0.042452
3017	0.055632
3018	0.059745
3019	0.067668
3020	0.07932
3021	0.049649
3022	0.065224
3023	0.077256
3024	0.044972
3025	0.080306
3026	0.088765
3027	0.057826
3028	0.082137
3029	0.062693
3030	0.040959
3031	0.055509
3032	0.072326
3033	0.081065
3034	0.062995
3035	0.050908
3036	0.080916
3037	0.062292
3038	0.075725
3039	0.080548
3040	0.072582
3041	0.070922
3042	0.053823
3043	0.045332
3044	0.068116
3045	0.057431
3046	0.066946
3047	0.069728
3048	0.044823
3049	0.082563
3050	0.09027
3051	0.055382
3052	0.058155
3053	0.078103
3054	0.071269
3055	0.079163
3056	0.087277
3057	0.070531
3058	0.048455
3059	0.11724
3060	0.07233
3061	0.057358
3062	0.11237
3063	0.074057
3064	0.066837
3065	0.099193
3066	0.11888
3067	0.092841
3068	0.085498
3069	0.091801
3070	0.092527
3071	0.082061
3072	0.051781
3073	0.066444
3074	0.064166
3075	0.09086
3076	0.047881
3077	0.069023
3078	0.10229
3079	0.097144
3080	0.091928
3081	0.086645
3082	0.078036
3083	0.13174
3084	0.10447
3085	0.12759
3086	0.11591
3087	0.12326
3088	0.075806
3089	0.10266
3090	0.07046
3091	0.097729
3092	0.11887
3093	0.10962
3094	0.1073
3095	0.094454
3096	0.081313
3097	0.1699
3098	0.11472
3099	0.1121
3100	0.1385
3101	0.092326
3102	0.12639
3103	0.12777
3104	0.087568
3105	0.1112
3106	0.13524
3107	0.11698
3108	0.10638
3109	0.17803
3110	0.15192
3111	0.10929
3112	0.1185
3113	0.091044
3114	0.12048
3115	0.11339
3116	0.13508
3117	0.1195
3118	0.20134
3119	0.078586
3120	0.15261
3121	0.075649
3122	0.16399
3123	0.12126
3124	0.12675
3125	0.1233
3126	0.11073
3127	0.13915
3128	0.061808
3129	0.15991
3130	0.13775
3131	0.15317
3132	0.1067
3133	0.1938
3134	0.18603
3135	0.15796
3136	0.16434
3137	0.18526
3138	0.086936
3139	0.13792
3140	0.16967
3141	0.16557
3142	0.11506
3143	0.10048
3144	0.14851
3145	0.17032
3146	0.17117
3147	0.11958
3148	0.20087
3149	0.116
3150	0.16052
3151	0.14497
3152	0.17928
3153	0.19116
3154	0.13115
3155	0.26178
3156	0.16181
3157	0.21428
3158	0.12341
3159	0.20567
3160	0.16009
3161	0.2258
3162	0.16834
3163	0.12799
3164	0.21255
3165	0.19061
3166	0.15464
3167	0.22308
3168	0.20012
3169	0.23882
3170	0.15917
3171	0.19827
3172	0.12962
3173	0.22625
3174	0.21478
3175	0.14524
3176	0.15912
3177	0.21972
3178	0.22762
3179	0.22301
3180	0.2785
3181	0.070922
3182	0.23519
3183	0.1956
3184	0.23232
3185	0.27647
3186	0.17989
3187	0.23152
3188	0.24789
3189	0.14101
3190	0.35587
3191	0.30761
3192	0.16831
3193	0.27601
3194	0.14134
3195	0.29796
3196	0.058444
3197	0.27254
3198	0.23624
3199	0.26244
3200	0.22393
3201	0.29193
3202	0.24486
3203	0.23104
3204	0.17376
3205	0.20961
3206	0.11604
3207	0.30942
3208	0.19001
3209	0.27949
3210	0.30092
3211	0.33162
3212	0.17894
3213	0.24571
3214	0.32338
3215	0.25172
3216	0.32173
3217	0.26775
3218	0.16224
3219	0.34397
3220	0.29745
3221	0.28106
3222	0.30592
3223	0.23548
3224	0.23961
3225	0.10201
3226	0.4278
3227	0.31317
3228	0.3383
3229	0.38738
3230	0.39011
3231	0.44102
3232	0.36424
3233	0.41465
3234	0.24194
3235	0.40089
3236	0.29521
3237	0.48064
3238	0.41165
3239	0.26803
3240	0.322
3241	0.33955
3242	0.46075
3243	0.44159
3244	0.34049
3245	0.37215
3246	0.46042
3247	0.51102
3248	0.43645
3249	0.48777
3250	0.39193
3251	0.30926
3252	0.45313
3253	0.6046
3254	0.42265
3255	0.40033
3256	0.60442
3257	0.59934
3258	0.54282
3259	0.58764
3260	0.72438
3261	0.66697
3262	0.715
3263	0.46249
3264	0.66087
3265	0.44245
3266	0.58678
3267	0.53258
3268	0.70565
3269	0.52902
3270	0.55769
3271	0.77564
3272	0.48718
3273	0.52019
3274	0.74714
3275	0.599
3276	0.54026
3277	0.89846
3278	0.51257
3279	0.75898
3280	0.36051
3281	0.5456
3282	0.83732
3283	0.72108
3284	0.87282
3285	0.92245
3286	0.63638
3287	1.101
3288	1.0487
3289	0.64791
3290	0.9065
3291	1.2163
3292	1.1678
3293	1.0028
3294	0.75163
3295	0.91399
3296	1.0867
3297	0.96951
3298	0.99752
3299	1.0812
3300	0.97471
